aaaaa > 5

a = 61

128 64 32 16 8 4 2 1
        1  1 1 1 0 1

4919
4096 2048 1024 512 256 128 64  32  16  8   4   2   1 
1    0    0    1   1   0   0   1   1   0   1   1   1
                               1   1   1   1   0   1
1    0    0    1   1   0   0   0   0   1   0   1   0  = 4874

4874 + 6 221 293 = 6 226 167


EAX 752748214

ECX 6226210

edx 3311021

6226210 * 2284010283

0x88233b2b = 2284010283
0x5f0122 = 6226210

1 422 072 740 000 000 000 000 000
14220727664117430 = 0x3285ad 0x2cde06b6 = 0x3285ad2cde06b6
apres mul:
eax = 0x2cde06b6
edx = 0x3285ad

14220727664117430

0x1230 = 4656
0x5efcb0 = 6225072


eax 6225072
ecx 6226210
edx 3311021

6226241